\begin{table}[htbp]\centering
\caption{Correlation Matrix of Trust Variables (2020)}
\begin{tabular}{l*{8}{c}}
\toprule
          &corr\_trust&         &         &         &         &         &         &         \\
          &    rv557&    rv558&    rv559&    rv560&    rv561&    rv562&    rv563&    rv564\\
\midrule
rv557     &        1& .2912578& .2600654&  .396133& .3575963& .3412991& .3055002& .1629375\\
rv558     & .2912578&        1& .8155948& .4202687& .2851665& .2430466& .3895238& .3275389\\
rv559     & .2600654& .8155948&        1& .3903856&  .293727& .2687615& .3882818& .3175835\\
rv560     &  .396133& .4202687& .3903856&        1& .5034328& .4067311& .4889617&  .262072\\
rv561     & .3575963& .2851665&  .293727& .5034328&        1& .6219227& .4609799& .2356661\\
rv562     & .3412991& .2430466& .2687615& .4067311& .6219227&        1& .4237553& .2364146\\
rv563     & .3055002& .3895238& .3882818& .4889617& .4609799& .4237553&        1& .3164511\\
rv564     & .1629375& .3275389& .3175835&  .262072& .2356661& .2364146& .3164511&        1\\
\bottomrule
\multicolumn{9}{l}{\footnotesize Pairwise correlations between trust variables rv557-rv564}\\
\end{tabular}
\end{table}
